Descriptions By First Person

Mean: 0.7649190697230552
SD: 0.12833704923176736
Min: 0.44321329639889195
Max: 1.0
