Descriptions By All

Mean: 0.7709318681609268
SD: 0.13681995819500545
Min: 0.4311111111111111
Max: 1.0
