Gemma Descriptions

Mean: 0.6914087210632677
SD: 0.13073688654911822
Min: 0.3611111111111111
Max: 1.0
