Gemma Direct With Genres

Mean: 0.6790296096187242
SD: 0.14192299809275874
SE: 0.010242410144131625
Min: 0.25
Max: 1.0
