Gemma Direct

Mean: 0.6944646981381781
SD: 0.14940785083038957
SE: 0.010782582861996109
Min: 0.24
Max: 1.0
