GPT Descriptions

Mean: 0.7624399398409932
SD: 0.14322199913021286
SE: 0.010336157468963093
Min: 0.5111111111111111
Max: 1.0
