GPT Descriptions With Genres

Mean: 0.7735287673012836
SD: 0.15404068171359137
SE: 0.01111692863168693
Min: 0.24
Max: 1.0
