Raw Recommendations from ChatGPT

Mean: 0.7629464379490685
SD: 0.1408925406840733
Min: 0.4
Max: 1.0
